c 40 msec
p min 49 520
n 4 -769043
n 5 18271
n 6 18271
n 8 29898
n 9 29898
n 10 29898
n 11 31559
n 13 14949
n 14 14949
n 16 21593
n 17 21593
n 19 21593
n 20 21593
n 21 21593
n 22 21593
n 24 4983
n 25 6644
n 27 23254
n 28 21593
n 29 21593
n 30 21593
n 31 21593
n 32 21593
n 34 16610
n 35 16610
n 37 31559
n 38 31559
n 39 31559
n 40 29898
n 42 28237
n 43 48169
n 44 21593
n 45 3322
n 46 38203
n 47 6644
n 48 4983
a 1 5 0 769043 25706
a 1 9 0 393657 25706
a 1 43 0 393657 25706
a 1 4 0 393657 25706
a 1 3 0 393657 25706
a 1 2 0 393657 25706
a 2 5 0 769043 25706
a 2 21 0 393657 25706
a 2 40 0 393657 25706
a 2 4 0 393657 25706
a 2 3 0 393657 25706
a 1 2 0 393657 60561
a 3 5 0 769043 25706
a 3 33 0 393657 25706
a 3 17 0 393657 25706
a 3 4 0 393657 25706
a 2 3 0 393657 37801
a 1 3 0 393657 54022
a 4 15 0 393657 25706
a 4 5 0 769043 25706
a 4 28 0 393657 25706
a 3 4 0 393657 36736
a 2 4 0 393657 67891
a 1 4 0 393657 53256
a 4 5 0 769043 27019
a 3 5 0 769043 27267
a 2 5 0 769043 27480
a 1 5 0 769043 26651
a 6 8 0 769043 25706
a 6 21 0 393657 25706
a 6 11 0 393657 25706
a 6 7 0 769043 25706
a 7 8 0 769043 25706
a 7 38 0 393657 25706
a 7 30 0 393657 25706
a 6 7 0 769043 42376
a 7 8 0 769043 26883
a 6 8 0 769043 26420
a 9 13 0 769043 25706
a 9 26 0 393657 25706
a 9 12 0 393657 25706
a 9 11 0 393657 25706
a 9 10 0 393657 25706
a 1 9 0 393657 271309
a 10 13 0 769043 25706
a 10 15 0 393657 25706
a 10 36 0 393657 25706
a 10 18 0 393657 25706
a 10 12 0 393657 25706
a 10 11 0 393657 25706
a 9 10 0 393657 59702
a 11 12 0 393657 25706
a 11 13 0 769043 25706
a 11 29 0 393657 25706
a 10 11 0 393657 95648
a 9 11 0 393657 123686
a 6 11 0 393657 166946
a 11 12 0 393657 37801
a 12 39 0 393657 25706
a 12 13 0 769043 25706
a 12 32 0 393657 25706
a 12 22 0 393657 25706
a 10 12 0 393657 110332
a 9 12 0 393657 113529
a 12 13 0 769043 28791
a 11 13 0 769043 26541
a 10 13 0 769043 26554
a 9 13 0 769043 26420
a 14 36 0 393657 30716
a 14 16 0 769043 25706
a 14 32 0 393657 25706
a 14 39 0 393657 30716
a 14 15 0 769043 25706
a 15 48 0 393657 27744
a 4 15 0 393657 169347
a 15 43 0 393657 27744
a 15 16 0 769043 25706
a 14 15 0 769043 37000
a 10 15 0 393657 132842
a 15 16 0 769043 26590
a 14 16 0 769043 27081
a 17 19 0 769043 25706
a 17 40 0 393657 25706
a 17 18 0 769043 25706
a 3 17 0 393657 69858
a 18 19 0 769043 25706
a 18 35 0 393657 25706
a 18 46 0 393657 25706
a 17 18 0 769043 60561
a 10 18 0 393657 187153
a 18 19 0 769043 26312
a 17 19 0 769043 27056
a 20 24 0 769043 25706
a 20 41 0 393657 25706
a 20 23 0 393657 25706
a 20 22 0 393657 25706
a 20 21 0 393657 25706
a 21 24 0 769043 25706
a 21 23 0 393657 25706
a 21 22 0 393657 25706
a 20 21 0 393657 42376
a 6 21 0 393657 63212
a 2 21 0 393657 134752
a 22 24 0 769043 25706
a 22 23 0 393657 25706
a 21 22 0 393657 45513
a 20 22 0 393657 34697
a 12 22 0 393657 215885
a 23 24 0 769043 25706
a 23 28 0 393657 25706
a 22 23 0 393657 41183
a 21 23 0 393657 34697
a 20 23 0 393657 42376
a 23 24 0 769043 26360
a 22 24 0 769043 26408
a 21 24 0 769043 26360
a 20 24 0 769043 26541
a 25 26 0 393657 25706
a 25 48 0 393657 25706
a 25 49 0 393657 25706
a 25 27 0 769043 27649
a 25 31 0 393657 250533
a 25 26 0 393657 35196
a 26 48 0 393657 25706
a 26 49 0 393657 25706
a 26 27 0 769043 25706
a 9 26 0 393657 110332
a 27 48 0 769043 25769
a 27 49 0 769043 26149
a 26 27 0 769043 26541
a 25 27 0 769043 26187
a 28 34 0 769043 25706
a 28 44 0 393657 39615
a 28 33 0 393657 25706
a 28 32 0 393657 25706
a 28 31 0 393657 44419
a 28 30 0 393657 25706
a 28 29 0 393657 25706
a 23 28 0 393657 169347
a 4 28 0 393657 157676
a 29 34 0 769043 25706
a 29 38 0 393657 31110
a 29 47 0 393657 41155
a 29 33 0 393657 25706
a 29 32 0 393657 25706
a 29 31 0 393657 55848
a 29 30 0 393657 25706
a 28 29 0 393657 44232
a 11 29 0 393657 142675
a 30 34 0 769043 25706
a 30 41 0 393657 30716
a 30 44 0 393657 25706
a 30 33 0 393657 25706
a 30 32 0 393657 25706
a 30 31 0 393657 34442
a 29 30 0 393657 30511
a 28 30 0 393657 32770
a 7 30 0 393657 108767
a 31 34 0 769043 25706
a 31 45 0 393657 35329
a 31 33 0 393657 28824
a 31 32 0 393657 28824
a 30 31 0 393657 52139
a 29 31 0 393657 54543
a 28 31 0 393657 76876
a 25 31 0 393657 92396
a 32 34 0 769043 25706
a 32 47 0 393657 25706
a 32 33 0 393657 25706
a 31 32 0 393657 81724
a 30 32 0 393657 37801
a 29 32 0 393657 30511
a 28 32 0 393657 40023
a 14 32 0 393657 84111
a 12 32 0 393657 108767
a 33 34 0 769043 25706
a 33 45 0 393657 25706
a 32 33 0 393657 38345
a 31 33 0 393657 35694
a 30 33 0 393657 37265
a 29 33 0 393657 86548
a 28 33 0 393657 36215
a 3 33 0 393657 209806
a 33 34 0 769043 25859
a 32 34 0 769043 26001
a 31 34 0 769043 26420
a 30 34 0 769043 26084
a 29 34 0 769043 27205
a 28 34 0 769043 26785
a 35 38 0 393657 25706
a 35 37 0 769043 25706
a 35 46 0 393657 28100
a 35 36 0 769043 28641
a 18 35 0 393657 49585
a 14 36 0 393657 77791
a 36 49 0 393657 43858
a 36 37 0 769043 25706
a 35 36 0 769043 45467
a 10 36 0 393657 201006
a 36 37 0 769043 26896
a 35 37 0 769043 27429
a 35 38 0 393657 758666
a 38 42 0 769043 25706
a 38 47 0 393657 25706
a 38 41 0 393657 25706
a 38 40 0 393657 25706
a 38 39 0 393657 25706
a 29 38 0 393657 108210
a 7 38 0 393657 115162
a 12 39 0 393657 393307
a 39 42 0 769043 25706
a 39 47 0 393657 25706
a 39 44 0 393657 25706
a 39 41 0 393657 25706
a 39 40 0 393657 25706
a 38 39 0 393657 72916
a 14 39 0 393657 168218
a 40 42 0 769043 25706
a 40 45 0 393657 30716
a 40 41 0 393657 25706
a 39 40 0 393657 94291
a 38 40 0 393657 174254
a 17 40 0 393657 136691
a 2 40 0 393657 331360
a 41 42 0 769043 25706
a 41 47 0 393657 25706
a 40 41 0 393657 65979
a 39 41 0 393657 60561
a 38 41 0 393657 65979
a 30 41 0 393657 49963
a 20 41 0 393657 129101
a 41 42 0 769043 25930
a 40 42 0 769043 26626
a 39 42 0 769043 26445
a 38 42 0 769043 27130
a 15 43 0 393657 77930
a 1 43 0 393657 198156
a 39 44 0 393657 146809
a 30 44 0 393657 38896
a 28 44 0 393657 152621
a 40 45 0 393657 99169
a 33 45 0 393657 47506
a 31 45 0 393657 325425
a 35 46 0 393657 73718
a 18 46 0 393657 136691
a 41 47 0 393657 33241
a 39 47 0 393657 35702
a 38 47 0 393657 101271
a 32 47 0 393657 40023
a 29 47 0 393657 195477
a 48 49 0 393657 25706
a 26 48 0 393657 28817
a 25 48 0 393657 35196
a 27 48 0 769043 26116
a 15 48 0 393657 68530
a 48 49 0 393657 30079
a 26 49 0 393657 30511
a 25 49 0 393657 34697
a 27 49 0 769043 26139
a 36 49 0 393657 74595
a 5 1 0 769043 25706
a 9 1 0 393657 25706
a 43 1 0 393657 25706
a 4 1 0 393657 25706
a 3 1 0 393657 25706
a 2 1 0 393657 25706
a 5 2 0 769043 25706
a 21 2 0 393657 25706
a 40 2 0 393657 25706
a 4 2 0 393657 25706
a 3 2 0 393657 25706
a 2 1 0 393657 60561
a 5 3 0 769043 25706
a 33 3 0 393657 25706
a 17 3 0 393657 25706
a 4 3 0 393657 25706
a 3 2 0 393657 37801
a 3 1 0 393657 54022
a 15 4 0 393657 25706
a 5 4 0 769043 25706
a 28 4 0 393657 25706
a 4 3 0 393657 36736
a 4 2 0 393657 67891
a 4 1 0 393657 53256
a 5 4 0 769043 27019
a 5 3 0 769043 27267
a 5 2 0 769043 27480
a 5 1 0 769043 26651
a 8 6 0 769043 25706
a 21 6 0 393657 25706
a 11 6 0 393657 25706
a 7 6 0 769043 25706
a 8 7 0 769043 25706
a 38 7 0 393657 25706
a 30 7 0 393657 25706
a 7 6 0 769043 42376
a 8 7 0 769043 26883
a 8 6 0 769043 26420
a 13 9 0 769043 25706
a 26 9 0 393657 25706
a 12 9 0 393657 25706
a 11 9 0 393657 25706
a 10 9 0 393657 25706
a 9 1 0 393657 271309
a 13 10 0 769043 25706
a 15 10 0 393657 25706
a 36 10 0 393657 25706
a 18 10 0 393657 25706
a 12 10 0 393657 25706
a 11 10 0 393657 25706
a 10 9 0 393657 59702
a 12 11 0 393657 25706
a 13 11 0 769043 25706
a 29 11 0 393657 25706
a 11 10 0 393657 95648
a 11 9 0 393657 123686
a 11 6 0 393657 166946
a 12 11 0 393657 37801
a 39 12 0 393657 25706
a 13 12 0 769043 25706
a 32 12 0 393657 25706
a 22 12 0 393657 25706
a 12 10 0 393657 110332
a 12 9 0 393657 113529
a 13 12 0 769043 28791
a 13 11 0 769043 26541
a 13 10 0 769043 26554
a 13 9 0 769043 26420
a 36 14 0 393657 30716
a 16 14 0 769043 25706
a 32 14 0 393657 25706
a 39 14 0 393657 30716
a 15 14 0 769043 25706
a 48 15 0 393657 27744
a 15 4 0 393657 169347
a 43 15 0 393657 27744
a 16 15 0 769043 25706
a 15 14 0 769043 37000
a 15 10 0 393657 132842
a 16 15 0 769043 26590
a 16 14 0 769043 27081
a 19 17 0 769043 25706
a 40 17 0 393657 25706
a 18 17 0 769043 25706
a 17 3 0 393657 69858
a 19 18 0 769043 25706
a 35 18 0 393657 25706
a 46 18 0 393657 25706
a 18 17 0 769043 60561
a 18 10 0 393657 187153
a 19 18 0 769043 26312
a 19 17 0 769043 27056
a 24 20 0 769043 25706
a 41 20 0 393657 25706
a 23 20 0 393657 25706
a 22 20 0 393657 25706
a 21 20 0 393657 25706
a 24 21 0 769043 25706
a 23 21 0 393657 25706
a 22 21 0 393657 25706
a 21 20 0 393657 42376
a 21 6 0 393657 63212
a 21 2 0 393657 134752
a 24 22 0 769043 25706
a 23 22 0 393657 25706
a 22 21 0 393657 45513
a 22 20 0 393657 34697
a 22 12 0 393657 215885
a 24 23 0 769043 25706
a 28 23 0 393657 25706
a 23 22 0 393657 41183
a 23 21 0 393657 34697
a 23 20 0 393657 42376
a 24 23 0 769043 26360
a 24 22 0 769043 26408
a 24 21 0 769043 26360
a 24 20 0 769043 26541
a 26 25 0 393657 25706
a 48 25 0 393657 25706
a 49 25 0 393657 25706
a 27 25 0 769043 27649
a 31 25 0 393657 250533
a 26 25 0 393657 35196
a 48 26 0 393657 25706
a 49 26 0 393657 25706
a 27 26 0 769043 25706
a 26 9 0 393657 110332
a 48 27 0 769043 25769
a 49 27 0 769043 26149
a 27 26 0 769043 26541
a 27 25 0 769043 26187
a 34 28 0 769043 25706
a 44 28 0 393657 39615
a 33 28 0 393657 25706
a 32 28 0 393657 25706
a 31 28 0 393657 44419
a 30 28 0 393657 25706
a 29 28 0 393657 25706
a 28 23 0 393657 169347
a 28 4 0 393657 157676
a 34 29 0 769043 25706
a 38 29 0 393657 31110
a 47 29 0 393657 41155
a 33 29 0 393657 25706
a 32 29 0 393657 25706
a 31 29 0 393657 55848
a 30 29 0 393657 25706
a 29 28 0 393657 44232
a 29 11 0 393657 142675
a 34 30 0 769043 25706
a 41 30 0 393657 30716
a 44 30 0 393657 25706
a 33 30 0 393657 25706
a 32 30 0 393657 25706
a 31 30 0 393657 34442
a 30 29 0 393657 30511
a 30 28 0 393657 32770
a 30 7 0 393657 108767
a 34 31 0 769043 25706
a 45 31 0 393657 35329
a 33 31 0 393657 28824
a 32 31 0 393657 28824
a 31 30 0 393657 52139
a 31 29 0 393657 54543
a 31 28 0 393657 76876
a 31 25 0 393657 92396
a 34 32 0 769043 25706
a 47 32 0 393657 25706
a 33 32 0 393657 25706
a 32 31 0 393657 81724
a 32 30 0 393657 37801
a 32 29 0 393657 30511
a 32 28 0 393657 40023
a 32 14 0 393657 84111
a 32 12 0 393657 108767
a 34 33 0 769043 25706
a 45 33 0 393657 25706
a 33 32 0 393657 38345
a 33 31 0 393657 35694
a 33 30 0 393657 37265
a 33 29 0 393657 86548
a 33 28 0 393657 36215
a 33 3 0 393657 209806
a 34 33 0 769043 25859
a 34 32 0 769043 26001
a 34 31 0 769043 26420
a 34 30 0 769043 26084
a 34 29 0 769043 27205
a 34 28 0 769043 26785
a 38 35 0 393657 25706
a 37 35 0 769043 25706
a 46 35 0 393657 28100
a 36 35 0 769043 28641
a 35 18 0 393657 49585
a 36 14 0 393657 77791
a 49 36 0 393657 43858
a 37 36 0 769043 25706
a 36 35 0 769043 45467
a 36 10 0 393657 201006
a 37 36 0 769043 26896
a 37 35 0 769043 27429
a 38 35 0 393657 758666
a 42 38 0 769043 25706
a 47 38 0 393657 25706
a 41 38 0 393657 25706
a 40 38 0 393657 25706
a 39 38 0 393657 25706
a 38 29 0 393657 108210
a 38 7 0 393657 115162
a 39 12 0 393657 393307
a 42 39 0 769043 25706
a 47 39 0 393657 25706
a 44 39 0 393657 25706
a 41 39 0 393657 25706
a 40 39 0 393657 25706
a 39 38 0 393657 72916
a 39 14 0 393657 168218
a 42 40 0 769043 25706
a 45 40 0 393657 30716
a 41 40 0 393657 25706
a 40 39 0 393657 94291
a 40 38 0 393657 174254
a 40 17 0 393657 136691
a 40 2 0 393657 331360
a 42 41 0 769043 25706
a 47 41 0 393657 25706
a 41 40 0 393657 65979
a 41 39 0 393657 60561
a 41 38 0 393657 65979
a 41 30 0 393657 49963
a 41 20 0 393657 129101
a 42 41 0 769043 25930
a 42 40 0 769043 26626
a 42 39 0 769043 26445
a 42 38 0 769043 27130
a 43 15 0 393657 77930
a 43 1 0 393657 198156
a 44 39 0 393657 146809
a 44 30 0 393657 38896
a 44 28 0 393657 152621
a 45 40 0 393657 99169
a 45 33 0 393657 47506
a 45 31 0 393657 325425
a 46 35 0 393657 73718
a 46 18 0 393657 136691
a 47 41 0 393657 33241
a 47 39 0 393657 35702
a 47 38 0 393657 101271
a 47 32 0 393657 40023
a 47 29 0 393657 195477
a 49 48 0 393657 25706
a 48 26 0 393657 28817
a 48 25 0 393657 35196
a 48 27 0 769043 26116
a 48 15 0 393657 68530
a 49 48 0 393657 30079
a 49 26 0 393657 30511
a 49 25 0 393657 34697
a 49 27 0 769043 26139
a 49 36 0 393657 74595

