c 6830 msec
p min 49 520
n 26 -769076
n 27 30492
n 28 30492
n 29 30492
n 30 30492
n 31 30492
n 32 30492
n 34 33880
n 35 37268
n 37 50820
n 38 47432
n 39 47432
n 40 47432
n 42 20328
n 43 115192
n 44 37268
n 45 23716
n 46 125356
a 1 5 0 769076 45
a 1 9 0 250768 73496
a 1 43 0 250768 88292
a 1 4 0 250768 217
a 1 3 0 250768 242
a 1 2 0 250768 235
a 2 5 0 769076 49
a 2 21 0 250768 341648
a 2 40 0 250768 313616
a 2 4 0 250768 250
a 2 3 0 250768 254
a 1 2 0 250768 283
a 3 5 0 769076 44
a 3 33 0 250768 266567
a 3 17 0 250768 109096
a 3 4 0 250768 183
a 2 3 0 250768 263
a 1 3 0 250768 235
a 4 15 0 250768 84385
a 4 5 0 769076 44
a 4 28 0 250768 267152
a 3 4 0 250768 192
a 2 4 0 250768 263
a 1 4 0 250768 255
a 4 5 0 769076 45
a 3 5 0 769076 44
a 2 5 0 769076 49
a 1 5 0 769076 46
a 6 8 0 769076 38
a 6 21 0 250768 19421
a 6 11 0 250768 293634
a 6 7 0 501536 256
a 7 8 0 769076 41
a 7 38 0 250768 49617
a 7 30 0 250768 53527
a 6 7 0 501536 253
a 7 8 0 769076 41
a 6 8 0 769076 38
a 9 13 0 769076 49
a 9 26 0 250768 339623
a 9 12 0 250768 395
a 9 11 0 250768 410
a 9 10 0 250768 261
a 1 9 0 250768 70183
a 10 13 0 769076 57
a 10 15 0 250768 98715
a 10 36 0 250768 217527
a 10 18 0 250768 133303
a 10 12 0 250768 407
a 10 11 0 250768 432
a 9 10 0 250768 274
a 11 12 0 250768 248
a 11 13 0 769076 54
a 11 29 0 250768 243563
a 10 11 0 250768 351
a 9 11 0 250768 310
a 6 11 0 250768 319293
a 11 12 0 250768 233
a 12 39 0 250768 248549
a 12 13 0 769076 70
a 12 32 0 250768 243243
a 12 22 0 250768 297292
a 10 12 0 250768 331
a 9 12 0 250768 332
a 12 13 0 769076 70
a 11 13 0 769076 55
a 10 13 0 769076 57
a 9 13 0 769076 50
a 14 36 0 250768 123093
a 14 16 0 769076 42
a 14 32 0 250768 341043
a 14 39 0 250768 340563
a 14 15 0 501536 346
a 15 48 0 250768 245856
a 4 15 0 250768 88397
a 15 43 0 250768 24568
a 15 16 0 769076 42
a 14 15 0 501536 292
a 10 15 0 250768 98007
a 15 16 0 769076 43
a 14 16 0 769076 43
a 17 19 0 769076 50
a 17 40 0 250768 375835
a 17 18 0 501536 334
a 3 17 0 250768 109896
a 18 19 0 769076 45
a 18 35 0 250768 89129
a 18 46 0 250768 84371
a 17 18 0 501536 216
a 10 18 0 250768 134080
a 18 19 0 769076 45
a 17 19 0 769076 50
a 20 24 0 769076 35
a 20 41 0 250768 61167
a 20 23 0 250768 128
a 20 22 0 250768 214
a 20 21 0 250768 271
a 21 24 0 769076 37
a 21 23 0 250768 274
a 21 22 0 250768 314
a 20 21 0 250768 164
a 6 21 0 250768 18497
a 2 21 0 250768 321832
a 22 24 0 769076 35
a 22 23 0 250768 259
a 21 22 0 250768 228
a 20 22 0 250768 214
a 12 22 0 250768 299887
a 23 24 0 769076 36
a 23 28 0 250768 64202
a 22 23 0 250768 273
a 21 23 0 250768 204
a 20 23 0 250768 132
a 23 24 0 769076 36
a 22 24 0 769076 35
a 21 24 0 769076 37
a 20 24 0 769076 36
a 25 26 0 250768 165
a 25 48 0 250768 94
a 25 49 0 250768 97
a 25 27 0 769076 38
a 25 31 0 250768 758666
a 25 26 0 250768 139
a 26 48 0 250768 115
a 26 49 0 250768 134
a 26 27 0 769076 36
a 9 26 0 250768 341447
a 27 48 0 769076 36
a 27 49 0 769076 35
a 26 27 0 769076 36
a 25 27 0 769076 38
a 28 34 0 769076 40
a 28 44 0 250768 31888
a 28 33 0 250768 214
a 28 32 0 250768 301
a 28 31 0 250768 285
a 28 30 0 250768 317
a 28 29 0 250768 281
a 23 28 0 250768 62224
a 4 28 0 250768 262118
a 29 34 0 769076 38
a 29 38 0 250768 6060
a 29 47 0 250768 4710
a 29 33 0 250768 261
a 29 32 0 250768 110
a 29 31 0 250768 538
a 29 30 0 250768 251
a 28 29 0 250768 188
a 11 29 0 250768 243920
a 30 34 0 769076 42
a 30 41 0 250768 5890
a 30 44 0 250768 31477
a 30 33 0 250768 263
a 30 32 0 250768 266
a 30 31 0 250768 391
a 29 30 0 250768 195
a 28 30 0 250768 203
a 7 30 0 250768 52860
a 31 34 0 769076 39
a 31 45 0 250768 27239
a 31 33 0 250768 279
a 31 32 0 250768 334
a 30 31 0 250768 272
a 29 31 0 250768 250
a 28 31 0 250768 211
a 25 31 0 250768 671272
a 32 34 0 769076 44
a 32 47 0 250768 4893
a 32 33 0 250768 344
a 31 32 0 250768 284
a 30 32 0 250768 255
a 29 32 0 250768 128
a 28 32 0 250768 216
a 14 32 0 250768 347968
a 12 32 0 250768 242691
a 33 34 0 769076 35
a 33 45 0 250768 27062
a 32 33 0 250768 274
a 31 33 0 250768 261
a 30 33 0 250768 242
a 29 33 0 250768 235
a 28 33 0 250768 211
a 3 33 0 250768 260772
a 33 34 0 769076 35
a 32 34 0 769076 45
a 31 34 0 769076 39
a 30 34 0 769076 43
a 29 34 0 769076 39
a 28 34 0 769076 41
a 35 38 0 250768 500816
a 35 37 0 769076 46
a 35 46 0 250768 7777
a 35 36 0 501536 336
a 18 35 0 250768 95911
a 14 36 0 250768 130127
a 36 49 0 250768 125734
a 36 37 0 769076 48
a 35 36 0 501536 271
a 10 36 0 250768 218575
a 36 37 0 769076 48
a 35 37 0 769076 47
a 35 38 0 250768 541999
a 38 42 0 769076 44
a 38 47 0 250768 1174
a 38 41 0 250768 302
a 38 40 0 250768 450
a 38 39 0 250768 586
a 29 38 0 250768 5835
a 7 38 0 250768 54326
a 12 39 0 250768 242982
a 39 42 0 769076 46
a 39 47 0 250768 1130
a 39 44 0 250768 32858
a 39 41 0 250768 312
a 39 40 0 250768 407
a 38 39 0 250768 262
a 14 39 0 250768 334827
a 40 42 0 769076 54
a 40 45 0 250768 28428
a 40 41 0 250768 492
a 39 40 0 250768 305
a 38 40 0 250768 283
a 17 40 0 250768 382966
a 2 40 0 250768 263927
a 41 42 0 769076 44
a 41 47 0 250768 1204
a 40 41 0 250768 312
a 39 41 0 250768 287
a 38 41 0 250768 259
a 30 41 0 250768 5860
a 20 41 0 250768 64908
a 41 42 0 769076 45
a 40 42 0 769076 55
a 39 42 0 769076 46
a 38 42 0 769076 45
a 15 43 0 250768 24762
a 1 43 0 250768 89204
a 39 44 0 250768 33752
a 30 44 0 250768 31848
a 28 44 0 250768 31802
a 40 45 0 250768 29989
a 33 45 0 250768 26040
a 31 45 0 250768 25941
a 35 46 0 250768 7814
a 18 46 0 250768 84795
a 41 47 0 250768 1135
a 39 47 0 250768 1116
a 38 47 0 250768 1170
a 32 47 0 250768 4764
a 29 47 0 250768 4756
a 48 49 0 250768 89
a 26 48 0 250768 110
a 25 48 0 250768 99
a 27 48 0 769076 36
a 15 48 0 250768 248219
a 48 49 0 250768 89
a 26 49 0 250768 99
a 25 49 0 250768 102
a 27 49 0 769076 36
a 36 49 0 250768 135861
a 5 1 0 769076 45
a 9 1 0 250768 73496
a 43 1 0 250768 88292
a 4 1 0 250768 217
a 3 1 0 250768 242
a 2 1 0 250768 235
a 5 2 0 769076 49
a 21 2 0 250768 341648
a 40 2 0 250768 313616
a 4 2 0 250768 250
a 3 2 0 250768 254
a 2 1 0 250768 283
a 5 3 0 769076 44
a 33 3 0 250768 266567
a 17 3 0 250768 109096
a 4 3 0 250768 183
a 3 2 0 250768 263
a 3 1 0 250768 235
a 15 4 0 250768 84385
a 5 4 0 769076 44
a 28 4 0 250768 267152
a 4 3 0 250768 192
a 4 2 0 250768 263
a 4 1 0 250768 255
a 5 4 0 769076 45
a 5 3 0 769076 44
a 5 2 0 769076 49
a 5 1 0 769076 46
a 8 6 0 769076 38
a 21 6 0 250768 19421
a 11 6 0 250768 293634
a 7 6 0 501536 256
a 8 7 0 769076 41
a 38 7 0 250768 49617
a 30 7 0 250768 53527
a 7 6 0 501536 253
a 8 7 0 769076 41
a 8 6 0 769076 38
a 13 9 0 769076 49
a 26 9 0 250768 339623
a 12 9 0 250768 395
a 11 9 0 250768 410
a 10 9 0 250768 261
a 9 1 0 250768 70183
a 13 10 0 769076 57
a 15 10 0 250768 98715
a 36 10 0 250768 217527
a 18 10 0 250768 133303
a 12 10 0 250768 407
a 11 10 0 250768 432
a 10 9 0 250768 274
a 12 11 0 250768 248
a 13 11 0 769076 54
a 29 11 0 250768 243563
a 11 10 0 250768 351
a 11 9 0 250768 310
a 11 6 0 250768 319293
a 12 11 0 250768 233
a 39 12 0 250768 248549
a 13 12 0 769076 70
a 32 12 0 250768 243243
a 22 12 0 250768 297292
a 12 10 0 250768 331
a 12 9 0 250768 332
a 13 12 0 769076 70
a 13 11 0 769076 55
a 13 10 0 769076 57
a 13 9 0 769076 50
a 36 14 0 250768 123093
a 16 14 0 769076 42
a 32 14 0 250768 341043
a 39 14 0 250768 340563
a 15 14 0 501536 346
a 48 15 0 250768 245856
a 15 4 0 250768 88397
a 43 15 0 250768 24568
a 16 15 0 769076 42
a 15 14 0 501536 292
a 15 10 0 250768 98007
a 16 15 0 769076 43
a 16 14 0 769076 43
a 19 17 0 769076 50
a 40 17 0 250768 375835
a 18 17 0 501536 334
a 17 3 0 250768 109896
a 19 18 0 769076 45
a 35 18 0 250768 89129
a 46 18 0 250768 84371
a 18 17 0 501536 216
a 18 10 0 250768 134080
a 19 18 0 769076 45
a 19 17 0 769076 50
a 24 20 0 769076 35
a 41 20 0 250768 61167
a 23 20 0 250768 128
a 22 20 0 250768 214
a 21 20 0 250768 271
a 24 21 0 769076 37
a 23 21 0 250768 274
a 22 21 0 250768 314
a 21 20 0 250768 164
a 21 6 0 250768 18497
a 21 2 0 250768 321832
a 24 22 0 769076 35
a 23 22 0 250768 259
a 22 21 0 250768 228
a 22 20 0 250768 214
a 22 12 0 250768 299887
a 24 23 0 769076 36
a 28 23 0 250768 64202
a 23 22 0 250768 273
a 23 21 0 250768 204
a 23 20 0 250768 132
a 24 23 0 769076 36
a 24 22 0 769076 35
a 24 21 0 769076 37
a 24 20 0 769076 36
a 26 25 0 250768 165
a 48 25 0 250768 94
a 49 25 0 250768 97
a 27 25 0 769076 38
a 31 25 0 250768 758666
a 26 25 0 250768 139
a 48 26 0 250768 115
a 49 26 0 250768 134
a 27 26 0 769076 36
a 26 9 0 250768 341447
a 48 27 0 769076 36
a 49 27 0 769076 35
a 27 26 0 769076 36
a 27 25 0 769076 38
a 34 28 0 769076 40
a 44 28 0 250768 31888
a 33 28 0 250768 214
a 32 28 0 250768 301
a 31 28 0 250768 285
a 30 28 0 250768 317
a 29 28 0 250768 281
a 28 23 0 250768 62224
a 28 4 0 250768 262118
a 34 29 0 769076 38
a 38 29 0 250768 6060
a 47 29 0 250768 4710
a 33 29 0 250768 261
a 32 29 0 250768 110
a 31 29 0 250768 538
a 30 29 0 250768 251
a 29 28 0 250768 188
a 29 11 0 250768 243920
a 34 30 0 769076 42
a 41 30 0 250768 5890
a 44 30 0 250768 31477
a 33 30 0 250768 263
a 32 30 0 250768 266
a 31 30 0 250768 391
a 30 29 0 250768 195
a 30 28 0 250768 203
a 30 7 0 250768 52860
a 34 31 0 769076 39
a 45 31 0 250768 27239
a 33 31 0 250768 279
a 32 31 0 250768 334
a 31 30 0 250768 272
a 31 29 0 250768 250
a 31 28 0 250768 211
a 31 25 0 250768 671272
a 34 32 0 769076 44
a 47 32 0 250768 4893
a 33 32 0 250768 344
a 32 31 0 250768 284
a 32 30 0 250768 255
a 32 29 0 250768 128
a 32 28 0 250768 216
a 32 14 0 250768 347968
a 32 12 0 250768 242691
a 34 33 0 769076 35
a 45 33 0 250768 27062
a 33 32 0 250768 274
a 33 31 0 250768 261
a 33 30 0 250768 242
a 33 29 0 250768 235
a 33 28 0 250768 211
a 33 3 0 250768 260772
a 34 33 0 769076 35
a 34 32 0 769076 45
a 34 31 0 769076 39
a 34 30 0 769076 43
a 34 29 0 769076 39
a 34 28 0 769076 41
a 38 35 0 250768 500816
a 37 35 0 769076 46
a 46 35 0 250768 7777
a 36 35 0 501536 336
a 35 18 0 250768 95911
a 36 14 0 250768 130127
a 49 36 0 250768 125734
a 37 36 0 769076 48
a 36 35 0 501536 271
a 36 10 0 250768 218575
a 37 36 0 769076 48
a 37 35 0 769076 47
a 38 35 0 250768 541999
a 42 38 0 769076 44
a 47 38 0 250768 1174
a 41 38 0 250768 302
a 40 38 0 250768 450
a 39 38 0 250768 586
a 38 29 0 250768 5835
a 38 7 0 250768 54326
a 39 12 0 250768 242982
a 42 39 0 769076 46
a 47 39 0 250768 1130
a 44 39 0 250768 32858
a 41 39 0 250768 312
a 40 39 0 250768 407
a 39 38 0 250768 262
a 39 14 0 250768 334827
a 42 40 0 769076 54
a 45 40 0 250768 28428
a 41 40 0 250768 492
a 40 39 0 250768 305
a 40 38 0 250768 283
a 40 17 0 250768 382966
a 40 2 0 250768 263927
a 42 41 0 769076 44
a 47 41 0 250768 1204
a 41 40 0 250768 312
a 41 39 0 250768 287
a 41 38 0 250768 259
a 41 30 0 250768 5860
a 41 20 0 250768 64908
a 42 41 0 769076 45
a 42 40 0 769076 55
a 42 39 0 769076 46
a 42 38 0 769076 45
a 43 15 0 250768 24762
a 43 1 0 250768 89204
a 44 39 0 250768 33752
a 44 30 0 250768 31848
a 44 28 0 250768 31802
a 45 40 0 250768 29989
a 45 33 0 250768 26040
a 45 31 0 250768 25941
a 46 35 0 250768 7814
a 46 18 0 250768 84795
a 47 41 0 250768 1135
a 47 39 0 250768 1116
a 47 38 0 250768 1170
a 47 32 0 250768 4764
a 47 29 0 250768 4756
a 49 48 0 250768 89
a 48 26 0 250768 110
a 48 25 0 250768 99
a 48 27 0 769076 36
a 48 15 0 250768 248219
a 49 48 0 250768 89
a 49 26 0 250768 99
a 49 25 0 250768 102
a 49 27 0 769076 36
a 49 36 0 250768 135861

