c 176280 msec
p min 49 520
n 27 -769230
n 28 98901
n 29 98901
n 30 98901
n 31 98901
n 32 98901
n 36 54945
n 41 65934
n 42 32967
n 43 32967
n 44 32967
n 45 21978
n 46 32967
a 1 5 0 769230 1
a 1 9 0 769230 49391
a 1 43 0 769230 71328
a 1 4 0 769230 14
a 1 3 0 769230 15
a 1 2 0 769230 15
a 2 5 0 769230 2
a 2 21 0 769230 393817
a 2 40 0 769230 367472
a 2 4 0 769230 17
a 2 3 0 769230 17
a 1 2 0 769230 20
a 3 5 0 769230 1
a 3 33 0 769230 366448
a 3 17 0 769230 126810
a 3 4 0 769230 11
a 2 3 0 769230 17
a 1 3 0 769230 15
a 4 15 0 769230 72397
a 4 5 0 769230 1
a 4 28 0 769230 361464
a 3 4 0 769230 11
a 2 4 0 769230 18
a 1 4 0 769230 17
a 4 5 0 769230 1
a 3 5 0 769230 1
a 2 5 0 769230 2
a 1 5 0 769230 1
a 6 8 0 769230 1
a 6 21 0 769230 8016
a 6 11 0 769230 366207
a 6 7 0 769230 17
a 7 8 0 769230 1
a 7 38 0 769230 36947
a 7 30 0 769230 37473
a 6 7 0 769230 16
a 7 8 0 769230 1
a 6 8 0 769230 1
a 9 13 0 769230 2
a 9 26 0 769230 417838
a 9 12 0 769230 31
a 9 11 0 769230 33
a 9 10 0 769230 17
a 1 9 0 769230 51824
a 10 13 0 769230 2
a 10 15 0 769230 98132
a 10 36 0 769230 238194
a 10 18 0 769230 156278
a 10 12 0 769230 31
a 10 11 0 769230 34
a 9 10 0 769230 18
a 11 12 0 769230 15
a 11 13 0 769230 2
a 11 29 0 769230 351810
a 10 11 0 769230 25
a 9 11 0 769230 21
a 6 11 0 769230 364875
a 11 12 0 769230 14
a 12 39 0 769230 341390
a 12 13 0 769230 3
a 12 32 0 769230 346952
a 12 22 0 769230 370109
a 10 12 0 769230 24
a 9 12 0 769230 23
a 12 13 0 769230 3
a 11 13 0 769230 2
a 10 13 0 769230 2
a 9 13 0 769230 2
a 14 36 0 769230 141666
a 14 16 0 769230 1
a 14 32 0 769230 424512
a 14 39 0 769230 443283
a 14 15 0 769230 25
a 15 48 0 769230 321204
a 4 15 0 769230 72603
a 15 43 0 769230 11014
a 15 16 0 769230 1
a 14 15 0 769230 19
a 10 15 0 769230 99434
a 15 16 0 769230 1
a 14 16 0 769230 1
a 17 19 0 769230 2
a 17 40 0 769230 486672
a 17 18 0 769230 25
a 3 17 0 769230 126271
a 18 19 0 769230 1
a 18 35 0 769230 84536
a 18 46 0 769230 84290
a 17 18 0 769230 13
a 10 18 0 769230 154630
a 18 19 0 769230 1
a 17 19 0 769230 2
a 20 24 0 769230 1
a 20 41 0 769230 40495
a 20 23 0 769230 7
a 20 22 0 769230 14
a 20 21 0 769230 18
a 21 24 0 769230 1
a 21 23 0 769230 19
a 21 22 0 769230 23
a 20 21 0 769230 9
a 6 21 0 769230 8113
a 2 21 0 769230 394703
a 22 24 0 769230 1
a 22 23 0 769230 19
a 21 22 0 769230 15
a 20 22 0 769230 14
a 12 22 0 769230 366125
a 23 24 0 769230 1
a 23 28 0 769230 40793
a 22 23 0 769230 20
a 21 23 0 769230 12
a 20 23 0 769230 7
a 23 24 0 769230 1
a 22 24 0 769230 1
a 21 24 0 769230 1
a 20 24 0 769230 1
a 25 26 0 769230 10
a 25 48 0 769230 4
a 25 49 0 769230 4
a 25 27 0 769230 1
a 25 31 0 769230 758666
a 25 26 0 769230 7
a 26 48 0 769230 6
a 26 49 0 769230 7
a 26 27 0 769230 1
a 9 26 0 769230 414538
a 27 48 0 769230 1
a 27 49 0 769230 1
a 26 27 0 769230 1
a 25 27 0 769230 1
a 28 34 0 769230 1
a 28 44 0 769230 16420
a 28 33 0 769230 14
a 28 32 0 769230 21
a 28 31 0 769230 20
a 28 30 0 769230 23
a 28 29 0 769230 20
a 23 28 0 769230 40989
a 4 28 0 769230 366119
a 29 34 0 769230 1
a 29 38 0 769230 1662
a 29 47 0 769230 1603
a 29 33 0 769230 18
a 29 32 0 769230 6
a 29 31 0 769230 47
a 29 30 0 769230 17
a 28 29 0 769230 12
a 11 29 0 769230 338780
a 30 34 0 769230 1
a 30 41 0 769230 1483
a 30 44 0 769230 16924
a 30 33 0 769230 18
a 30 32 0 769230 18
a 30 31 0 769230 31
a 29 30 0 769230 12
a 28 30 0 769230 13
a 7 30 0 769230 37111
a 31 34 0 769230 1
a 31 45 0 769230 12838
a 31 33 0 769230 20
a 31 32 0 769230 25
a 30 31 0 769230 19
a 29 31 0 769230 17
a 28 31 0 769230 13
a 25 31 0 769230 751232
a 32 34 0 769230 1
a 32 47 0 769230 1293
a 32 33 0 769230 26
a 31 32 0 769230 20
a 30 32 0 769230 17
a 29 32 0 769230 7
a 28 32 0 769230 14
a 14 32 0 769230 428976
a 12 32 0 769230 343268
a 33 34 0 769230 1
a 33 45 0 769230 12700
a 32 33 0 769230 19
a 31 33 0 769230 19
a 30 33 0 769230 16
a 29 33 0 769230 16
a 28 33 0 769230 13
a 3 33 0 769230 361982
a 33 34 0 769230 1
a 32 34 0 769230 1
a 31 34 0 769230 1
a 30 34 0 769230 1
a 29 34 0 769230 1
a 28 34 0 769230 1
a 35 38 0 769230 574570
a 35 37 0 769230 1
a 35 46 0 769230 1896
a 35 36 0 769230 24
a 18 35 0 769230 83698
a 14 36 0 769230 143644
a 36 49 0 769230 181343
a 36 37 0 769230 2
a 35 36 0 769230 15
a 10 36 0 769230 240941
a 36 37 0 769230 2
a 35 37 0 769230 1
a 35 38 0 769230 567476
a 38 42 0 769230 1
a 38 47 0 769230 198
a 38 41 0 769230 21
a 38 40 0 769230 38
a 38 39 0 769230 56
a 29 38 0 769230 1488
a 7 38 0 769230 36925
a 12 39 0 769230 343855
a 39 42 0 769230 1
a 39 47 0 769230 198
a 39 44 0 769230 17266
a 39 41 0 769230 22
a 39 40 0 769230 33
a 38 39 0 769230 16
a 14 39 0 769230 427438
a 40 42 0 769230 2
a 40 45 0 769230 14008
a 40 41 0 769230 40
a 39 40 0 769230 22
a 38 40 0 769230 18
a 17 40 0 769230 492842
a 2 40 0 769230 373979
a 41 42 0 769230 1
a 41 47 0 769230 196
a 40 41 0 769230 23
a 39 41 0 769230 19
a 38 41 0 769230 16
a 30 41 0 769230 1579
a 20 41 0 769230 40280
a 41 42 0 769230 1
a 40 42 0 769230 2
a 39 42 0 769230 1
a 38 42 0 769230 1
a 15 43 0 769230 10987
a 1 43 0 769230 71899
a 39 44 0 769230 17215
a 30 44 0 769230 16458
a 28 44 0 769230 16399
a 40 45 0 769230 13988
a 33 45 0 769230 12705
a 31 45 0 769230 12701
a 35 46 0 769230 1893
a 18 46 0 769230 82541
a 41 47 0 769230 200
a 39 47 0 769230 197
a 38 47 0 769230 213
a 32 47 0 769230 1453
a 29 47 0 769230 1385
a 48 49 0 769230 4
a 26 48 0 769230 5
a 25 48 0 769230 4
a 27 48 0 769230 1
a 15 48 0 769230 320017
a 48 49 0 769230 4
a 26 49 0 769230 5
a 25 49 0 769230 4
a 27 49 0 769230 1
a 36 49 0 769230 181143
a 5 1 0 769230 1
a 9 1 0 769230 49391
a 43 1 0 769230 71328
a 4 1 0 769230 14
a 3 1 0 769230 15
a 2 1 0 769230 15
a 5 2 0 769230 2
a 21 2 0 769230 393817
a 40 2 0 769230 367472
a 4 2 0 769230 17
a 3 2 0 769230 17
a 2 1 0 769230 20
a 5 3 0 769230 1
a 33 3 0 769230 366448
a 17 3 0 769230 126810
a 4 3 0 769230 11
a 3 2 0 769230 17
a 3 1 0 769230 15
a 15 4 0 769230 72397
a 5 4 0 769230 1
a 28 4 0 769230 361464
a 4 3 0 769230 11
a 4 2 0 769230 18
a 4 1 0 769230 17
a 5 4 0 769230 1
a 5 3 0 769230 1
a 5 2 0 769230 2
a 5 1 0 769230 1
a 8 6 0 769230 1
a 21 6 0 769230 8016
a 11 6 0 769230 366207
a 7 6 0 769230 17
a 8 7 0 769230 1
a 38 7 0 769230 36947
a 30 7 0 769230 37473
a 7 6 0 769230 16
a 8 7 0 769230 1
a 8 6 0 769230 1
a 13 9 0 769230 2
a 26 9 0 769230 417838
a 12 9 0 769230 31
a 11 9 0 769230 33
a 10 9 0 769230 17
a 9 1 0 769230 51824
a 13 10 0 769230 2
a 15 10 0 769230 98132
a 36 10 0 769230 238194
a 18 10 0 769230 156278
a 12 10 0 769230 31
a 11 10 0 769230 34
a 10 9 0 769230 18
a 12 11 0 769230 15
a 13 11 0 769230 2
a 29 11 0 769230 351810
a 11 10 0 769230 25
a 11 9 0 769230 21
a 11 6 0 769230 364875
a 12 11 0 769230 14
a 39 12 0 769230 341390
a 13 12 0 769230 3
a 32 12 0 769230 346952
a 22 12 0 769230 370109
a 12 10 0 769230 24
a 12 9 0 769230 23
a 13 12 0 769230 3
a 13 11 0 769230 2
a 13 10 0 769230 2
a 13 9 0 769230 2
a 36 14 0 769230 141666
a 16 14 0 769230 1
a 32 14 0 769230 424512
a 39 14 0 769230 443283
a 15 14 0 769230 25
a 48 15 0 769230 321204
a 15 4 0 769230 72603
a 43 15 0 769230 11014
a 16 15 0 769230 1
a 15 14 0 769230 19
a 15 10 0 769230 99434
a 16 15 0 769230 1
a 16 14 0 769230 1
a 19 17 0 769230 2
a 40 17 0 769230 486672
a 18 17 0 769230 25
a 17 3 0 769230 126271
a 19 18 0 769230 1
a 35 18 0 769230 84536
a 46 18 0 769230 84290
a 18 17 0 769230 13
a 18 10 0 769230 154630
a 19 18 0 769230 1
a 19 17 0 769230 2
a 24 20 0 769230 1
a 41 20 0 769230 40495
a 23 20 0 769230 7
a 22 20 0 769230 14
a 21 20 0 769230 18
a 24 21 0 769230 1
a 23 21 0 769230 19
a 22 21 0 769230 23
a 21 20 0 769230 9
a 21 6 0 769230 8113
a 21 2 0 769230 394703
a 24 22 0 769230 1
a 23 22 0 769230 19
a 22 21 0 769230 15
a 22 20 0 769230 14
a 22 12 0 769230 366125
a 24 23 0 769230 1
a 28 23 0 769230 40793
a 23 22 0 769230 20
a 23 21 0 769230 12
a 23 20 0 769230 7
a 24 23 0 769230 1
a 24 22 0 769230 1
a 24 21 0 769230 1
a 24 20 0 769230 1
a 26 25 0 769230 10
a 48 25 0 769230 4
a 49 25 0 769230 4
a 27 25 0 769230 1
a 31 25 0 769230 758666
a 26 25 0 769230 7
a 48 26 0 769230 6
a 49 26 0 769230 7
a 27 26 0 769230 1
a 26 9 0 769230 414538
a 48 27 0 769230 1
a 49 27 0 769230 1
a 27 26 0 769230 1
a 27 25 0 769230 1
a 34 28 0 769230 1
a 44 28 0 769230 16420
a 33 28 0 769230 14
a 32 28 0 769230 21
a 31 28 0 769230 20
a 30 28 0 769230 23
a 29 28 0 769230 20
a 28 23 0 769230 40989
a 28 4 0 769230 366119
a 34 29 0 769230 1
a 38 29 0 769230 1662
a 47 29 0 769230 1603
a 33 29 0 769230 18
a 32 29 0 769230 6
a 31 29 0 769230 47
a 30 29 0 769230 17
a 29 28 0 769230 12
a 29 11 0 769230 338780
a 34 30 0 769230 1
a 41 30 0 769230 1483
a 44 30 0 769230 16924
a 33 30 0 769230 18
a 32 30 0 769230 18
a 31 30 0 769230 31
a 30 29 0 769230 12
a 30 28 0 769230 13
a 30 7 0 769230 37111
a 34 31 0 769230 1
a 45 31 0 769230 12838
a 33 31 0 769230 20
a 32 31 0 769230 25
a 31 30 0 769230 19
a 31 29 0 769230 17
a 31 28 0 769230 13
a 31 25 0 769230 751232
a 34 32 0 769230 1
a 47 32 0 769230 1293
a 33 32 0 769230 26
a 32 31 0 769230 20
a 32 30 0 769230 17
a 32 29 0 769230 7
a 32 28 0 769230 14
a 32 14 0 769230 428976
a 32 12 0 769230 343268
a 34 33 0 769230 1
a 45 33 0 769230 12700
a 33 32 0 769230 19
a 33 31 0 769230 19
a 33 30 0 769230 16
a 33 29 0 769230 16
a 33 28 0 769230 13
a 33 3 0 769230 361982
a 34 33 0 769230 1
a 34 32 0 769230 1
a 34 31 0 769230 1
a 34 30 0 769230 1
a 34 29 0 769230 1
a 34 28 0 769230 1
a 38 35 0 769230 574570
a 37 35 0 769230 1
a 46 35 0 769230 1896
a 36 35 0 769230 24
a 35 18 0 769230 83698
a 36 14 0 769230 143644
a 49 36 0 769230 181343
a 37 36 0 769230 2
a 36 35 0 769230 15
a 36 10 0 769230 240941
a 37 36 0 769230 2
a 37 35 0 769230 1
a 38 35 0 769230 567476
a 42 38 0 769230 1
a 47 38 0 769230 198
a 41 38 0 769230 21
a 40 38 0 769230 38
a 39 38 0 769230 56
a 38 29 0 769230 1488
a 38 7 0 769230 36925
a 39 12 0 769230 343855
a 42 39 0 769230 1
a 47 39 0 769230 198
a 44 39 0 769230 17266
a 41 39 0 769230 22
a 40 39 0 769230 33
a 39 38 0 769230 16
a 39 14 0 769230 427438
a 42 40 0 769230 2
a 45 40 0 769230 14008
a 41 40 0 769230 40
a 40 39 0 769230 22
a 40 38 0 769230 18
a 40 17 0 769230 492842
a 40 2 0 769230 373979
a 42 41 0 769230 1
a 47 41 0 769230 196
a 41 40 0 769230 23
a 41 39 0 769230 19
a 41 38 0 769230 16
a 41 30 0 769230 1579
a 41 20 0 769230 40280
a 42 41 0 769230 1
a 42 40 0 769230 2
a 42 39 0 769230 1
a 42 38 0 769230 1
a 43 15 0 769230 10987
a 43 1 0 769230 71899
a 44 39 0 769230 17215
a 44 30 0 769230 16458
a 44 28 0 769230 16399
a 45 40 0 769230 13988
a 45 33 0 769230 12705
a 45 31 0 769230 12701
a 46 35 0 769230 1893
a 46 18 0 769230 82541
a 47 41 0 769230 200
a 47 39 0 769230 197
a 47 38 0 769230 213
a 47 32 0 769230 1453
a 47 29 0 769230 1385
a 49 48 0 769230 4
a 48 26 0 769230 5
a 48 25 0 769230 4
a 48 27 0 769230 1
a 48 15 0 769230 320017
a 49 48 0 769230 4
a 49 26 0 769230 5
a 49 25 0 769230 4
a 49 27 0 769230 1
a 49 36 0 769230 181143

